2.51625967672231E-02
1.100433609445756328e-01
2.139280505305853897e-01
2.336201583572369012e-01
1.775728651389851531e-01
1.122285980538754308e-01
6.380079699609159105e-02
3.262712727854572697e-02
1.624215489289881562e-02
7.581469878549760254e-03
3.724491638150159364e-03
1.791622571384456119e-03
8.758464392374344046e-04
4.246412237921596243e-04
1.931575452176623935e-04
8.704541643845041890e-05
4.545843476787291194e-05
2.346736462222969816e-05
1.251784718087135579e-05
1.020988359691924300e-05
2.990598039591318768e-06
7.816811731763623866e-07
2.362058779133647804e-07
1.641450414213185107e-07
8.407372872897527677e-08
5.204636800753229325e-08
3.803385593922929237e-08
4.003242470495177160e-09
4.003256517546889079e-09
2.001636339654801771e-09
1.000799375012178895e-09
0.000000000000000000e+00
0.000000000000000000e+00
0.000000000000000000e+00
1.000823008801824779e-09
0.000000000000000000e+00
0.000000000000000000e+00
0.000000000000000000e+00
0.000000000000000000e+00
0.000000000000000000e+00
0.000000000000000000e+00
1.000791958250742608e-09
0.000000000000000000e+00
0.000000000000000000e+00
0.000000000000000000e+00
1.000792922559972410e-09
0.000000000000000000e+00
0.000000000000000000e+00
0.000000000000000000e+00
0.000000000000000000e+00
0.000000000000000000e+00
0.000000000000000000e+00
0.000000000000000000e+00
0.000000000000000000e+00
1.000810491617431428e-09
0.000000000000000000e+00
0.000000000000000000e+00
0.000000000000000000e+00
1.000809098957910940e-09
0.000000000000000000e+00
0.000000000000000000e+00
0.000000000000000000e+00
0.000000000000000000e+00
0.000000000000000000e+00
0.000000000000000000e+00
0.000000000000000000e+00
0.000000000000000000e+00
0.000000000000000000e+00
0.000000000000000000e+00
0.000000000000000000e+00
