4.844656856481141218e-05
6.154860159256970629e-05
8.035095933331591286e-05
1.310143186456611973e-04
1.807115905996777635e-04
7.250284519062858953e-05
2.983313609443148084e-05
2.272978930022070480e-05
2.100002992861975859e-05
2.053191072719958080e-05
2.041298854988013152e-05
2.038602399434788463e-05
2.038295877842580907e-05
2.038677052861406248e-05
2.039076600948224415e-05
2.039376235125694046e-05
2.039593608490278875e-05
2.039734492469872198e-05
2.039827213910913326e-05
2.039918679631168381e-05
2.040007087321880412e-05
2.040095207454055822e-05
2.040193228380481912e-05
2.040339836208465327e-05
2.040612305678988697e-05
2.041043389727286732e-05
2.042165711251046179e-05
2.043656171194983717e-05
2.044564688960484559e-05
2.045788939015864174e-05
2.046737578893978026e-05
2.047979245482126783e-05
2.049553488903796183e-05
2.050904911770318033e-05
2.051808331101307250e-05
2.052090215780764295e-05
2.052366733279756218e-05
2.052643253796052972e-05
2.052914307887477018e-05
2.053176247116108915e-05
2.053503139870435499e-05
2.053852190394994014e-05
2.054324627170340826e-05
2.055114025704327436e-05
2.056382810759884716e-05
2.059137277276018308e-05
2.063992292778391396e-05
2.069902851373641207e-05
2.075769747492184401e-05
2.079800867925676915e-05
2.082953867988906571e-05
2.086005258478761224e-05
2.090447903022966269e-05
2.096830337652269474e-05
2.107146890408537207e-05
2.124090017068397125e-05
2.152673783674786286e-05
2.188571198144447514e-05
2.221487330517957326e-05
2.252981414223216718e-05
2.286420909684759744e-05
2.329150498887628818e-05
2.384800798309588671e-05
2.447190286590325643e-05
2.519048018197710465e-05
2.621150529407816889e-05
2.776013083714245604e-05
3.038662167204086892e-05
3.579926263741217164e-05
5.310344978346867893e-05
