3.062740487359389974e-01
3.200920583735983871e-01
2.994664249109046383e-01
2.702895728603508241e-01
2.464462519254135286e-01
2.718114446161489783e-01
3.206149858072836478e-01
3.387992524266426053e-01
3.733982601830564407e-01
4.825535981143113107e-01
4.737256296251989296e-01
1.085517336511995223e+00
5.224240381837482738e-01
7.141822271996146609e-01
1.390401699537250790e+00
1.118546527018466241e+00
1.134528522764522540e+00
9.152394234592644562e-01
8.624655046803677561e-01
8.635600340615371406e-01
1.318900715503990906e+00
8.546919857083909999e-01
8.633435935688331675e-01
8.692051371767149925e-01
8.744255803833083096e-01
8.788877250944370223e-01
8.851425257769038879e-01
8.909565521731673821e-01
8.936379617541957421e-01
8.967188621998247733e-01
8.992396125198327539e-01
9.019627568777234261e-01
9.050801118346941676e-01
9.075762738639889804e-01
9.090307029511014436e-01
9.095138009568201065e-01
9.100048087382280881e-01
9.105062326444125498e-01
9.110295778639847519e-01
9.115351775043301075e-01
9.120616483517334228e-01
9.125821283981073728e-01
9.133079687743650421e-01
9.145711284411489617e-01
9.163781991486074086e-01
9.202228195613376682e-01
9.262864711482019509e-01
9.331175962891484765e-01
9.391156846252856072e-01
9.431649517335632948e-01
9.461073937637417552e-01
9.487603450838854036e-01
9.525575800652732461e-01
9.578372714111522690e-01
9.656212474723053774e-01
9.773796371633101110e-01
9.947611692566153963e-01
1.014049816968986883e+00
1.029798965427767277e+00
1.043727619828521469e+00
1.057451872253760028e+00
1.073841713943658238e+00
1.093715851180938170e+00
1.114501348600652753e+00
1.137029262819291953e+00
1.166959014253507787e+00
1.209487104381647526e+00
1.276588039502051686e+00
1.405877385018013737e+00
1.805043180285748949e+00
