7.086689242816303358e-02
3.955988037763585180e-02
3.479162420773056902e-02
2.732872303298952699e-02
3.720630306431133450e-03
2.117296314184576207e-03
2.155425068687752410e-03
2.298941911788154619e-03
2.546854687763133642e-03
2.825731020895152091e-03
3.158889318984822291e-03
3.535903306129161046e-03
4.095059748320925910e-03
4.921825758382169895e-03
5.697745805603444784e-03
7.477452175806047555e-03
9.029040270089201334e-03
1.075427694511736469e-02
1.396653850152847209e-02
2.085323579797428162e-02
3.273597490644543362e-02
3.838516605515335245e-02
7.089231455882551158e-02
7.268717685483506996e-02
8.052589619009986599e-02
6.292255530770174410e-02
6.773156728417466244e-02
4.630931872394937476e-02
4.064716985393754950e-02
1.985310407937994001e-02
3.123959065165251778e-02
2.570946211820343552e-02
3.343438569414954736e-02
9.293403971916404382e-02
1.826150070576423312e-01
1.825520885237162660e-01
1.680961795735199937e-01
1.498636850039708202e-01
1.341135757208551937e-01
1.223975505581296197e-01
1.138504857031434336e-01
1.078538037052921283e-01
1.023414622819014269e-01
9.756524141366343383e-02
9.617492505192282159e-02
1.031540011820823166e-01
1.262559584957635150e-01
1.705861299796822272e-01
2.334192141053931524e-01
2.879151667195578579e-01
3.214732235452995579e-01
3.367999903926650607e-01
3.340271397563946421e-01
3.159748833013552582e-01
3.075761748360434922e-01
3.308838602447493060e-01
3.937897277854174316e-01
4.736990796648235524e-01
5.408272867406757056e-01
6.002208147456957743e-01
6.580682452847957942e-01
7.260189357418187495e-01
8.068763441350321752e-01
8.895417804741123646e-01
9.770585889228227128e-01
1.090794421368642686e+00
1.248340144236406157e+00
1.490002528696173112e+00
1.935404157713896289e+00
3.058370382003329890e+00
