8.843383036117746787e-02
1.294703972320904450e-01
1.538508929001130565e-01
2.051789387439452994e-01
3.045237338892502477e-01
3.424326743787559080e-01
5.060680861539135211e-01
5.308839543344240353e-01
6.436964979042489876e-01
7.550204501789007372e-01
8.549934609928793172e-01
9.371543755587490310e-01
9.959477447500014735e-01
1.036903160036421134e+00
1.064166276982644543e+00
1.081070602047403906e+00
1.091447214004026778e+00
1.098160888183321804e+00
1.102539949647710849e+00
1.106321638179072364e+00
1.108989533912074110e+00
1.110317337312533903e+00
1.111116065256334551e+00
1.111901583091029710e+00
1.113021788860553141e+00
1.114527999229850463e+00
1.117865247666331774e+00
1.121969744071305453e+00
1.124280283634791822e+00
1.127212164229591584e+00
1.129808798929352376e+00
1.132856287640708004e+00
1.136593257463337725e+00
1.139791351817564191e+00
1.141727907190887903e+00
1.142388928914674695e+00
1.143067357293085839e+00
1.143764178906416795e+00
1.144504190427616086e+00
1.145220654212484979e+00
1.145981182379341767e+00
1.146739732690646107e+00
1.147809013047781823e+00
1.149712066164933821e+00
1.152514207561347259e+00
1.158807632277765398e+00
1.169515476031133927e+00
1.182840109403914708e+00
1.195523888010148639e+00
1.204669573782970016e+00
1.211591128804539563e+00
1.218042163280189438e+00
1.227619496765495644e+00
1.241553005348801753e+00
1.263475503932896427e+00
1.299430311233166657e+00
1.358458135011962442e+00
1.430409768801195858e+00
1.493862683161401250e+00
1.552854913364571043e+00
1.613244750600155708e+00
1.687772544119737983e+00
1.780903583946083835e+00
1.880819277795080513e+00
1.991531854024100490e+00
2.141227375178994752e+00
2.357338831550523039e+00
2.702252350051489671e+00
3.367943951000875291e+00
5.390817714742631495e+00
