1.501990672607001753e-01
1.482713965899428721e-01
1.720603042006661476e-01
1.936171495047482316e-01
2.333469070352251762e-01
2.849541123961021882e-01
3.637540791195353340e-01
3.760078777653577120e-01
3.814372389084164650e-01
3.932426903741418900e-01
4.173446349380406928e-01
3.847877898047825096e-01
4.708248477695640699e-01
4.204159409185320717e-01
5.105941397856700315e-01
5.353557338562340284e-01
6.086155644280289989e-01
5.973402409621053621e-01
6.491306170935740028e-01
8.278525728756416235e-01
1.170026582937204518e+00
1.560284141933521385e+00
1.981086664012092768e+00
2.466749152773164422e+00
3.159437930316431498e+00
4.015887426666941984e+00
5.592325808248551411e+00
7.220019616041789767e+00
8.012306774319934988e+00
8.934855108184240891e+00
9.696647903934394463e+00
1.052433013963074693e+01
1.147569288221265715e+01
1.223928638871495522e+01
1.268538866426367839e+01
1.283351106239550710e+01
1.298406764331117280e+01
1.313778874617449688e+01
1.329820948965730487e+01
1.345324012220582510e+01
1.361471647677800334e+01
1.377426934723458274e+01
1.399704934149122870e+01
1.438506543455127584e+01
1.494050830224380455e+01
1.612018298118891479e+01
1.798009117111402233e+01
2.007446299981041804e+01
2.190790499784447576e+01
2.314559541461728998e+01
2.404282605350596214e+01
2.485124541638920448e+01
2.600697616987308436e+01
2.761083165776715376e+01
2.996978821284117700e+01
3.351823766027278140e+01
3.873070756576040452e+01
4.447796854916276033e+01
4.913680649875973927e+01
5.323486671855370389e+01
5.724810698744263249e+01
6.201071247342594717e+01
6.774634762021354106e+01
7.370064295288786127e+01
8.009766829464768989e+01
8.851075822878165411e+01
1.002975162113171450e+02
1.185152438765724838e+02
1.522693795409436746e+02
2.428616789789909376e+02
