1.800151883239943795e-01
1.711789154336090801e-01
1.842030093677455294e-01
2.144754584011404619e-01
2.701141618607263983e-01
3.319178338197508182e-01
3.776673782248356481e-01
3.966092856298257252e-01
3.990703254872552952e-01
4.144835668818269703e-01
4.439828763662164168e-01
3.467990736891036208e-01
4.627094320484238521e-01
3.327993903535467757e-01
4.519599226694736016e-01
4.144906473251634416e-01
4.635612601536121535e-01
3.122860352921546512e-01
2.552119234111018264e-01
2.907709746737588974e-01
3.443378571665370869e-01
2.889047131729254314e-01
2.898887164150997231e-01
2.917794861745906521e-01
2.919869836032782384e-01
2.927159106719075532e-01
2.962886294551060340e-01
2.936730611456074280e-01
2.939813083129773075e-01
2.996806887766229055e-01
2.943066850076362373e-01
2.942951400826316899e-01
2.945600069857237657e-01
2.959741921805441045e-01
3.011893554183421307e-01
3.040779013074472736e-01
3.041161181858171858e-01
3.013236618921997789e-01
2.984439877767477434e-01
2.967855583003286002e-01
2.959705785400993383e-01
2.955625564156288965e-01
2.952806969789567026e-01
2.950789795602675181e-01
2.949987069149717644e-01
2.950431002769166033e-01
2.952261839591864279e-01
2.954740483722632094e-01
2.957019777572839625e-01
2.958593075584600718e-01
2.959746633923747150e-01
2.960794595818436736e-01
2.962306195184293833e-01
2.964426958511933718e-01
2.967594580439506524e-01
2.972461988761321283e-01
2.979835657657650128e-01
2.988236985291785053e-01
2.995282554884906023e-01
3.001648675761651730e-01
3.008045127087685122e-01
3.015841006491353227e-01
3.025512031476059183e-01
3.035875548615217245e-01
3.047405055466088641e-01
3.063172096118753629e-01
3.086443673982152691e-01
3.125164998603055522e-01
3.206376753240882671e-01
3.523195089294595683e-01
