2.013480375348353224e-01
2.572740650941110485e-01
2.415236060231227277e-01
2.516729560336379845e-01
3.428697144666670305e-01
3.202276131309184093e-01
4.949855020988004339e-01
3.920949829174031898e-01
4.225835178749506316e-01
4.478395960519971353e-01
4.663684462195473168e-01
4.818018379557283959e-01
4.980199071575566183e-01
5.031898308379275653e-01
5.167385216318469698e-01
5.294919185306314890e-01
5.659666905337950027e-01
5.416550155389942001e-01
5.503149355916989727e-01
5.146298947001266555e-01
5.758656643958308674e-01
5.870652555887378998e-01
5.636229916347778035e-01
7.072547439922055590e-01
6.279878060038743826e-01
4.392680191593995032e-01
6.193069760026685966e-01
4.180321515270601918e-01
4.111442416673161127e-01
4.029591448020124478e-01
4.228146168923296866e-01
4.083153846925496877e-01
4.149939691859823032e-01
4.507003858499350479e-01
4.949420583235213944e-01
4.924147388494150013e-01
4.830627020435328545e-01
4.725613014519776667e-01
4.639581800305099812e-01
4.577806061980578267e-01
4.534091239384364647e-01
4.504316805686277014e-01
4.478019772165048873e-01
4.457306052670887420e-01
4.455295512150317383e-01
4.499963889578512677e-01
4.629119914959582971e-01
4.868125044653618394e-01
5.209419802970077784e-01
5.515147129271931181e-01
5.712931940310439494e-01
5.813578604482081413e-01
5.818747348460375779e-01
5.732401257138910466e-01
5.684109327606728934e-01
5.798758645969858128e-01
6.124518328699266601e-01
6.545089995250484849e-01
6.902112129861046608e-01
7.220418568037803020e-01
7.532873020708135137e-01
7.903061883331685689e-01
8.347704249412186694e-01
8.807238423066867661e-01
9.298999239418090923e-01
9.944699001637470337e-01
1.084850371164736371e+00
1.224767189751604368e+00
1.484848908935783030e+00
2.151362335685039540e+00
