1.0000000E+01
6.0655000E+00
3.6790000E+00
2.2310000E+00
1.3530000E+00
8.2100000E-01
5.0000000E-01
3.0250000E-01
1.8300000E-01
1.1000000E-01
6.7340000E-02
4.0850000E-02
2.4780000E-02
1.5030000E-02
9.1180000E-03
5.5300000E-03
3.5191000E-03
2.2394500E-03
1.4251000E-03
9.0689800E-04
3.6726200E-04
1.4872800E-04
7.5501400E-05
4.8052000E-05
2.7700000E-05
1.5968000E-05
9.8770000E-06
4.0000000E-06
3.3000000E-06
2.6000000E-06
2.1000000E-06
1.8550000E-06
1.5000000E-06
1.3000000E-06
1.1500000E-06
1.1230000E-06
1.0970000E-06
1.0710000E-06
1.0450000E-06
1.0200000E-06
9.9600000E-07
9.7200000E-07
9.5000000E-07
9.1000000E-07
8.5000000E-07
7.8000000E-07
6.2500000E-07
5.0000000E-07
4.0000000E-07
3.5000000E-07
3.2000000E-07
3.0000000E-07
2.8000000E-07
2.5000000E-07
2.2000000E-07
1.8000000E-07
1.4000000E-07
1.0000000E-07
8.0000000E-08
6.7000000E-08
5.8000000E-08
5.0000000E-08
4.2000000E-08
3.5000000E-08
3.0000000E-08
2.5000000E-08
2.0000000E-08
1.5000000E-08
1.0000000E-08
5.0000000E-09
